0.707107
0.035857
0.034821
0.032771
0.029761
0.025882
0.021255
0.016034
0.010399
0.004545
-0.001317
-0.006973
-0.012222
-0.016867
-0.020739
-0.023704
-0.025661
-0.026558
-0.026384
-0.025185
-0.023049
-0.020116
-0.016563
-0.012596
-0.008451
-0.004375
-0.000610
0.002607
0.005066
0.006590
0.007044
0.006349
0.004482
0.001476
-0.002573
-0.007519
-0.013161
-0.019259
-0.025547
-0.031738
-0.037541
-0.042675
-0.046880
-0.049934
-0.051653
-0.051909
-0.050634
-0.047817
-0.043511
-0.037827
-0.030930
-0.023033
-0.014384
-0.005259
0.004049
0.013242
0.022026
0.030131
0.037307
0.043339
0.048055
0.051332
0.053094
0.053314
0.052021
0.049291
0.045246
0.040049
0.033902
0.027029
0.019684
0.012127
0.004624
-0.002560
-0.009181
-0.015012
-0.019858
-0.023562
-0.026017
-0.027153
-0.026966
-0.025497
-0.022843
-0.019151
-0.014612
-0.009453
-0.003932
0.001679
0.007102
0.012066
0.016319
0.019643
0.021861
0.022849
0.022543
0.020938
0.018092
0.014127
0.009216
0.003583
-0.002518
0.006222
