0.707107
-0.004155
-0.003835
-0.003620
-0.003525
-0.003555
-0.003715
-0.004003
-0.004412
-0.004930
-0.005536
-0.006207
-0.006913
-0.007620
-0.008289
-0.008878
-0.009347
-0.009653
-0.009755
-0.009617
-0.009208
-0.008499
-0.007476
-0.006126
-0.004452
-0.002465
-0.000185
0.002355
0.005110
0.008031
0.011054
0.014113
0.017131
0.020032
0.022735
0.025158
0.027223
0.028856
0.029988
0.030561
0.030523
0.029835
0.028474
0.026428
0.023702
0.020315
0.016304
0.011717
0.006623
0.001100
-0.004761
-0.010858
-0.017081
-0.023313
-0.029435
-0.035326
-0.040870
-0.045953
-0.050473
-0.054331
-0.057450
-0.059763
-0.061219
-0.061788
-0.061458
-0.060233
-0.058139
-0.055219
-0.051532
-0.047153
-0.042173
-0.036685
-0.030802
-0.024633
-0.018295
-0.011904
-0.005570
0.000598
0.006501
0.012048
0.017159
0.021770
0.025828
0.029292
0.032139
0.034361
0.035961
0.036957
0.037382
0.037273
0.036685
0.035678
0.034318
0.032675
0.030824
0.028840
0.026795
0.024759
0.022799
0.020972
0.019328
0.005674
