0.707107
0.026957
0.029410
0.031592
0.033467
0.035002
0.036169
0.036947
0.037321
0.037281
0.036824
0.035951
0.034673
0.032999
0.030954
0.028558
0.025841
0.022840
0.019588
0.016128
0.012505
0.008765
0.004957
0.001128
-0.002670
-0.006387
-0.009973
-0.013381
-0.016565
-0.019481
-0.022089
-0.024351
-0.026237
-0.027719
-0.028774
-0.029389
-0.029551
-0.029254
-0.028506
-0.027313
-0.025688
-0.023658
-0.021249
-0.018493
-0.015432
-0.012109
-0.008575
-0.004881
-0.001083
0.002761
0.006590
0.010345
0.013966
0.017393
0.020573
0.023452
0.025980
0.028114
0.029816
0.031053
0.031804
0.032052
0.031789
0.031015
0.029740
0.027984
0.025774
0.023148
0.020148
0.016828
0.013248
0.009472
0.005572
0.001625
-0.002295
-0.006104
-0.009724
-0.013079
-0.016090
-0.018687
-0.020805
-0.022385
-0.023378
-0.023744
-0.023453
-0.022490
-0.020850
-0.018539
-0.015582
-0.012013
-0.007880
-0.003245
0.001821
0.007233
0.012900
0.018720
0.024587
0.030392
0.036021
0.041362
0.046304
0.012865
