0.707107
0.022205
0.018602
0.014594
0.010291
0.005805
0.001259
-0.003231
-0.007538
-0.011548
-0.015149
-0.018240
-0.020726
-0.022535
-0.023603
-0.023886
-0.023364
-0.022028
-0.019902
-0.017018
-0.013439
-0.009238
-0.004510
0.000637
0.006086
0.011708
0.017367
0.022933
0.028272
0.033259
0.037775
0.041716
0.044993
0.047534
0.049283
0.050205
0.050285
0.049531
0.047964
0.045625
0.042573
0.038877
0.034616
0.029880
0.024761
0.019358
0.013763
0.008070
0.002367
-0.003267
-0.008761
-0.014049
-0.019081
-0.023812
-0.028211
-0.032257
-0.035932
-0.039229
-0.042149
-0.044698
-0.046880
-0.048710
-0.050198
-0.051358
-0.052202
-0.052742
-0.052990
-0.052952
-0.052635
-0.052045
-0.051187
-0.050065
-0.048681
-0.047038
-0.045144
-0.043001
-0.040618
-0.038008
-0.035180
-0.032151
-0.028941
-0.025570
-0.022064
-0.018448
-0.014753
-0.011012
-0.007256
-0.003521
0.000158
0.003747
0.007209
0.010507
0.013610
0.016485
0.019100
0.021425
0.023435
0.025105
0.026414
0.027345
0.027882
0.001772
