0.030046
0.031326
0.032284
0.032897
0.033148
0.033025
0.032520
0.031629
0.030355
0.028705
0.026690
0.024329
0.021643
0.018658
0.015404
0.011918
0.008237
0.004405
0.000465
-0.003533
-0.007541
-0.011509
-0.015383
-0.019113
-0.022647
-0.025937
-0.028931
-0.031588
-0.033863
-0.035719
-0.037125
-0.038048
-0.038469
-0.038369
-0.037740
-0.036577
-0.034885
-0.032673
-0.029958
-0.026765
-0.023125
-0.019073
-0.014656
-0.009919
-0.004917
0.000293
0.005651
0.011091
0.016549
0.021958
0.027248
0.032354
0.037209
0.041753
0.045919
0.049655
0.052907
0.055629
0.057778
0.059321
0.060230
0.060487
0.060079
0.059006
0.057271
0.054891
0.051891
0.048303
0.044171
0.039543
0.034479
0.029044
0.023311
0.017357
0.011263
0.005114
-0.001005
-0.007005
-0.012801
-0.018313
-0.023460
-0.028173
-0.032385
-0.036043
-0.039099
-0.041521
-0.043285
-0.044379
-0.044810
-0.044589
-0.043748
-0.042322
-0.040364
-0.037936
-0.035104
-0.031944
-0.028536
-0.024962
-0.021307
-0.017652
-0.014076
0.002045
