#     ./optimization2_noise49_results/pulse1                                    
#    te=  0.99898643868
#    checks =        
#    offset range =    120000.
  -17418.166819094331        3867.0901182482935       4.99999999999999977E-007
  -16291.676657660124        5767.0769656973916       4.99999999999999977E-007
  -14240.776865290865        8463.1001441963635       4.99999999999999977E-007
  -12646.402619391798        9999.8346036142611       4.99999999999999977E-007
  -12188.149985488753        9233.8719420784400       4.99999999999999977E-007
  -12764.517225837317        6311.6024347766361       4.99999999999999977E-007
  -12980.450297364021        2406.1461964034511       4.99999999999999977E-007
  -12393.604861786538       -480.41933648191514       4.99999999999999977E-007
  -10949.547458376550       -2421.1833711923409       4.99999999999999977E-007
  -9434.2357936364297       -988.33725218598215       4.99999999999999977E-007
  -6463.4901000911259        3748.9097331359176       4.99999999999999977E-007
  -3876.4919349659031        5324.7945421504792       4.99999999999999977E-007
  -3486.0209329278191        4311.3073470753388       4.99999999999999977E-007
  -4717.4549527034224        2269.0224816230393       4.99999999999999977E-007
  -6644.8614348882775       -459.75506329290135       4.99999999999999977E-007
  -9413.1710735904107       -4255.8428362364311       4.99999999999999977E-007
  -12525.743659562924       -10376.793429120436       4.99999999999999977E-007
  -246.45742371121128       -19998.481410804612       4.99999999999999977E-007
   7476.9861269031362       -18549.789175570109       4.99999999999999977E-007
   9735.0741251771415       -17470.785093329563       4.99999999999999977E-007
   10694.299200317453       -16900.649828160142       4.99999999999999977E-007
   9335.7176381842146       -17687.407276932823       4.99999999999999977E-007
   4338.7681075768451       -19523.705880510341       4.99999999999999977E-007
  -2113.8034053041056       -19887.982179289200       4.99999999999999977E-007
  -6538.7403640821140       -18900.922582009676       4.99999999999999977E-007
  -9342.2107291796892       -17683.978587738675       4.99999999999999977E-007
  -11897.634151576620       -16076.265163129081       4.99999999999999977E-007
  -11219.911760278601       -16556.375813914165       4.99999999999999977E-007
  -1402.8675454061131       -19950.738398616886       4.99999999999999977E-007
   4448.9475670564943       -19498.893956980792       4.99999999999999977E-007
   6539.8474768478827       -18900.539542022772       4.99999999999999977E-007
   9446.5127451544486       -16379.323880044523       4.99999999999999977E-007
   12898.541121422750       -10419.012395169637       4.99999999999999977E-007
   14009.268426543747       -4423.3054375452521       4.99999999999999977E-007
   13821.010056259163       -5977.0030950702667       4.99999999999999977E-007
   12898.736050425754       -9408.4682740079043       4.99999999999999977E-007
   12073.702362749036       -10817.104616957702       4.99999999999999977E-007
   10394.503827486515       -12218.517833408583       4.99999999999999977E-007
  -4895.3160596787584       -6327.6456558573318       4.99999999999999977E-007
  -14519.802516177293       -5160.6985511654775       4.99999999999999977E-007
  -12729.806626892872       -12811.355704647382       4.99999999999999977E-007
  -2615.2696165079465       -18047.627040123258       4.99999999999999977E-007
   2625.0014813693665       -16702.737217787249       4.99999999999999977E-007
   6740.1199828615136       -13524.109677135079       4.99999999999999977E-007
   5681.1454822119949        4855.0491346535255       4.99999999999999977E-007
   4200.7236361484802        17679.127440346449       4.99999999999999977E-007
   4028.9386635370806        17055.327777480034       4.99999999999999977E-007
   3909.0557510569838        8680.6323669123612       4.99999999999999977E-007
   2327.4201380367467        2600.2245605668636       4.99999999999999977E-007
  -1223.7226461504806        5537.3685962667751       4.99999999999999977E-007
  -5328.8092115129912        14118.909170212726       4.99999999999999977E-007
  -6887.3929134331847        18761.599524212786       4.99999999999999977E-007
  -5229.5851128288614        19220.572200405575       4.99999999999999977E-007
  -4052.3092609990149        19575.478366129926       4.99999999999999977E-007
  -379.56320840965225        18183.302258616110       4.99999999999999977E-007
   10286.294749810138        16843.514670194865       4.99999999999999977E-007
   15495.326299176661        12644.954048237745       4.99999999999999977E-007
   16038.920910056566        11917.874128379106       4.99999999999999977E-007
   15706.521161901119        12381.647426362630       4.99999999999999977E-007
   15134.796757762240        13074.323198591565       4.99999999999999977E-007
   14575.193702809434        13695.390776665856       4.99999999999999977E-007
   14561.471514276345        13656.133175904359       4.99999999999999977E-007
   14452.369795418881        13824.941493419205       4.99999999999999977E-007
   13704.321657382130        14566.796762191991       4.99999999999999977E-007
   11022.486909893369        16688.462551152799       4.99999999999999977E-007
   7829.5434088387528        18403.756410285092       4.99999999999999977E-007
   7062.2860955891410        18711.603755532240       4.99999999999999977E-007
   7476.3451042204051        18507.964340494567       4.99999999999999977E-007
   10299.206292152552        17144.280380105934       4.99999999999999977E-007
   12216.875339820263        15827.686061640530       4.99999999999999977E-007
   10829.980413182360        16801.653369858785       4.99999999999999977E-007
   2567.1596990285339        19834.558000613066       4.99999999999999977E-007
  -9673.0680200461356        16992.756683139596       4.99999999999999977E-007
  -16499.395206947709        11303.537402289207       4.99999999999999977E-007
  -18899.827624489786        6541.9045976361331       4.99999999999999977E-007
  -19640.656451134400        3774.2037794099956       4.99999999999999977E-007
  -19837.573912935466        2543.7494469428889       4.99999999999999977E-007
  -19915.958123177155        1831.5600006152961       4.99999999999999977E-007
  -19950.684171309949        1403.6385206464913       4.99999999999999977E-007
  -19964.423824741145       -1192.3847307426342       4.99999999999999977E-007
  -15247.119203088183       -8410.5861123062587       4.99999999999999977E-007
  -3976.2895015549866       -15312.613519836135       4.99999999999999977E-007
   244.79094444680774       -18727.565134180462       4.99999999999999977E-007
   1032.7150958986426       -19609.278155634751       4.99999999999999977E-007
   2969.7310043813263       -19642.878943230102       4.99999999999999977E-007
   6852.8677233837734       -18693.391002810535       4.99999999999999977E-007
   1686.3270621728000       -13442.938148428884       4.99999999999999977E-007
  -4513.6207171208544       -7963.6633694164520       4.99999999999999977E-007
  -8058.2495593626381       -7050.6509140475036       4.99999999999999977E-007
  -6809.3005663003669       -10895.060046155109       4.99999999999999977E-007
   75.928026434493887       -18333.993805823102       4.99999999999999977E-007
   8547.0216022760942       -18074.277500643737       4.99999999999999977E-007
   12070.167399380049       -15947.133251808711       4.99999999999999977E-007
   13572.280347954716       -14689.901502614719       4.99999999999999977E-007
   14739.097781227794       -13518.838581601820       4.99999999999999977E-007
   16181.735067469408       -11753.784505691385       4.99999999999999977E-007
   17062.547614330648       -10434.053330738705       4.99999999999999977E-007
   16722.892560320568       -10959.648651888101       4.99999999999999977E-007
   15220.183740704548       -12974.822037284093       4.99999999999999977E-007
   13069.387255409816       -15139.059309221675       4.99999999999999977E-007
   11209.521647495832       -16563.412221952407       4.99999999999999977E-007
   9377.8694159380775       -17665.094543126939       4.99999999999999977E-007
   7937.4537660158003       -18357.473347723037       4.99999999999999977E-007
   6453.3525571487344       -18930.246717175713       4.99999999999999977E-007
   4513.7705392425341       -19483.990236064739       4.99999999999999977E-007
   1981.6105882039924       -19901.588365673677       4.99999999999999977E-007
  -1587.4030143732118       -19936.904264954446       4.99999999999999977E-007
  -6438.6735637823658       -18935.244459447840       4.99999999999999977E-007
  -11033.846191439401       -16680.954355901169       4.99999999999999977E-007
  -13722.700604375745       -14549.484118781173       4.99999999999999977E-007
  -15226.123358680201       -12967.851304909891       4.99999999999999977E-007
  -16399.506620778553       -11447.977227224048       4.99999999999999977E-007
  -17179.937704104901       -10239.616227333658       4.99999999999999977E-007
  -17639.735759181876       -9425.4826054818132       4.99999999999999977E-007
  -17788.560263325006       -9141.5055520441856       4.99999999999999977E-007
  -17827.650527911705       -8987.7605915350377       4.99999999999999977E-007
  -18074.889610342045       -8512.9312968796421       4.99999999999999977E-007
  -18385.892124913807       -7550.9564818027138       4.99999999999999977E-007
  -19875.311543863190       -2124.4789171984016       4.99999999999999977E-007
  -18083.507296445285        8379.1469027015537       4.99999999999999977E-007
  -15262.475476680738        12925.047091740869       4.99999999999999977E-007
  -12523.038116310896        15594.021814061452       4.99999999999999977E-007
  -9223.4462383671707        17746.211975741484       4.99999999999999977E-007
  -5151.7071963633762        19325.110943095198       4.99999999999999977E-007
   10.758493864032046        19999.997106370036       4.99999999999999977E-007
   5006.0500492049250        19363.353606874389       4.99999999999999977E-007
   7536.6601687493248        18525.624240515823       4.99999999999999977E-007
   7069.6740401378665        18708.813670732859       4.99999999999999977E-007
   5335.0127653321279        19275.311639341740       4.99999999999999977E-007
   4947.1686413129964        19378.480911423612       4.99999999999999977E-007
   6006.5005932759605        19076.738469218883       4.99999999999999977E-007
   6200.7600006306484        19014.483306537124       4.99999999999999977E-007
   5039.0181950435835        19354.800325242824       4.99999999999999977E-007
   3370.6781963205472        19713.917127168035       4.99999999999999977E-007
   1302.1933577763366        19957.562287487999       4.99999999999999977E-007
  -931.68651577235187        19978.287219787584       4.99999999999999977E-007
  -3164.4035966991946        19748.077118474022       4.99999999999999977E-007
  -5362.6632375519603        19267.637192987851       4.99999999999999977E-007
  -7481.3555133716764        18548.027379819752       4.99999999999999977E-007
  -9472.6630696041957        17614.444480872986       4.99999999999999977E-007
  -11215.602430106526        16559.295339167926       4.99999999999999977E-007
  -12756.772814404227        15403.400512928218       4.99999999999999977E-007
  -13805.055116484325        14471.366667693483       4.99999999999999977E-007
  -14617.073452316412        13650.683634513942       4.99999999999999977E-007
  -15340.435374653543        12832.421537499389       4.99999999999999977E-007
  -16942.764412139895        10627.451908840891       4.99999999999999977E-007
  -19055.218455398532        6074.4258672766055       4.99999999999999977E-007
  -19984.413313480254       -787.54437818942029       4.99999999999999977E-007
  -18387.159285357309       -7861.1251837753789       4.99999999999999977E-007
  -14063.071584904157       -13221.778739194882       4.99999999999999977E-007
  -8744.6180056747162       -17354.626287125629       4.99999999999999977E-007
  -2087.4874377514893       -19849.287312316748       4.99999999999999977E-007
   5090.8934943827153       -19341.220319019474       4.99999999999999977E-007
   8218.5691834401041       -18233.351874436270       4.99999999999999977E-007
   7741.7393648436673       -18440.864177332634       4.99999999999999977E-007
   7408.7947400103949       -18577.130039389678       4.99999999999999977E-007
   7716.0926691413260       -18451.610063114371       4.99999999999999977E-007
   8247.1387630268382       -18220.447366170243       4.99999999999999977E-007
   8819.1818352074824       -17950.544051853871       4.99999999999999977E-007
   9909.4290900046817       -17372.484425382831       4.99999999999999977E-007
   10159.232927825287       -17227.593747189145       4.99999999999999977E-007
   9654.4678976485848       -17515.457448016394       4.99999999999999977E-007
   9203.3526927533039       -17756.640989015646       4.99999999999999977E-007
   8720.0180131221969       -17998.924574841254       4.99999999999999977E-007
   8108.2080043669357       -18282.695724589412       4.99999999999999977E-007
   8517.4438129677073       -18095.666633007422       4.99999999999999977E-007
   10766.541094605040       -16854.720195191047       4.99999999999999977E-007
   13173.079159318928       -15048.919744032040       4.99999999999999977E-007
   15681.467912746262       -12413.362320560427       4.99999999999999977E-007
   16360.276311668131       -3600.6330428564606       4.99999999999999977E-007
   6164.4554023407063        9280.7652405212721       4.99999999999999977E-007
   1897.3020806660793        14979.909579739757       4.99999999999999977E-007
   2239.3850718942203        18121.171382803997       4.99999999999999977E-007
   7004.7300934295708        18169.803423019192       4.99999999999999977E-007
   12128.509230897802        15902.806791130515       4.99999999999999977E-007
   16285.236091787916        11609.956306322960       4.99999999999999977E-007
   10382.110614713272        3627.4963224975222       4.99999999999999977E-007
   4337.1711925695117        1622.7658335310084       4.99999999999999977E-007
   2926.4235761389459        7984.6781910214077       4.99999999999999977E-007
   6066.6956652634390        16623.910080557274       4.99999999999999977E-007
   9689.5366019302110        17496.081859658028       4.99999999999999977E-007
   15427.833303122417        11288.056850676423       4.99999999999999977E-007
   16298.760720154036       -3074.5221157881620       4.99999999999999977E-007
   9323.8491907160696       -16361.543904893584       4.99999999999999977E-007
  -3718.1345365815164       -18152.270748665844       4.99999999999999977E-007
  -10835.180002064582       -13941.224734515728       4.99999999999999977E-007
  -13199.492483304108       -11909.450517544792       4.99999999999999977E-007
  -13455.033524875969       -12535.951805077710       4.99999999999999977E-007
  -8793.7570194407253       -16458.465400449510       4.99999999999999977E-007
  -1456.0987899982845       -14486.042382739886       4.99999999999999977E-007
  -6166.9745257664008       -10019.095366650379       4.99999999999999977E-007
  -17352.610730494376       -5782.8664711690581       4.99999999999999977E-007
  -19167.734574438393       -5709.4615581400521       4.99999999999999977E-007
  -17054.857930124621       -10446.617681492193       4.99999999999999977E-007
  -13964.076395397180       -14317.980668499007       4.99999999999999977E-007
  -13605.743173737803       -14658.913762291093       4.99999999999999977E-007
  -16530.531768625075       -11257.953608292994       4.99999999999999977E-007
  -19674.165346552589       -3595.4440499761963       4.99999999999999977E-007
  -19856.455309464563        2391.8993589272495       4.99999999999999977E-007
  -19813.893136972947        2722.0651639180869       4.99999999999999977E-007
  -19718.784615132776       -3342.0851727631002       4.99999999999999977E-007
  -17230.475353996611       -10154.344837325320       4.99999999999999977E-007
  -18273.726055159248       -8128.4030449402562       4.99999999999999977E-007
  -19993.292177859017        517.94583767169320       4.99999999999999977E-007
  -18043.387444398402        8627.6398586940377       4.99999999999999977E-007
  -15174.736349786970        13027.945989850205       4.99999999999999977E-007
  -12715.475355985149        15437.509075991968       4.99999999999999977E-007
  -10774.762797194764        16849.465471171115       4.99999999999999977E-007
  -10194.281987087024        17206.876961487025       4.99999999999999977E-007
  -10855.904404921754        16797.301555642814       4.99999999999999977E-007
  -10967.368952262896        16724.736717357911       4.99999999999999977E-007
  -8062.6770059520031        18302.820533942107       4.99999999999999977E-007
  -2959.9298258024364        19779.757719100737       4.99999999999999977E-007
   3572.1951870188827        19678.399872597343       4.99999999999999977E-007
   10542.960252968724        16995.469664128781       4.99999999999999977E-007
   14898.976427423944        13342.432365017468       4.99999999999999977E-007
   16732.548653800073        10955.446843840436       4.99999999999999977E-007
   17375.255140542871        9904.5700967300199       4.99999999999999977E-007
   15563.131869895349        7685.9334343591772       4.99999999999999977E-007
   10943.874338629266        1640.8761800193786       4.99999999999999977E-007
   19224.810342270241       -3453.9560522527654       4.99999999999999977E-007
   19820.063527732429       -1997.9347464101822       4.99999999999999977E-007
   19880.250255954343       -1101.7055553000416       4.99999999999999977E-007
   19870.493141013387       -1084.6159372986729       4.99999999999999977E-007
   12592.630747318317        1311.6463617291415       4.99999999999999977E-007
   1937.1742398478882        1079.7565094239280       4.99999999999999977E-007
   5181.8825746671964       -7120.8483068779669       4.99999999999999977E-007
   11632.043455275092       -14165.421835319527       4.99999999999999977E-007
   8739.4350054480219       -15021.666422710234       4.99999999999999977E-007
   4440.3612347373419       -16682.975145776232       4.99999999999999977E-007
  -1534.4246342900801       -18599.231036448469       4.99999999999999977E-007
  -9417.2313275056222       -17626.967990521203       4.99999999999999977E-007
  -16541.958031525501       -11241.157613130823       4.99999999999999977E-007
  -19941.635925030878       -1242.6779461405433       4.99999999999999977E-007
  -19684.688612345271        3537.3767448498402       4.99999999999999977E-007
  -19676.715988144620        3568.6799059997938       4.99999999999999977E-007
  -19994.818637396784       -455.22264619651276       4.99999999999999977E-007
  -19026.807472677341       -6032.8696822905431       4.99999999999999977E-007
  -15670.844679595457       -10824.997693732805       4.99999999999999977E-007
  -8454.9660257876876       -13492.023525006663       4.99999999999999977E-007
  -3797.9944772539693       -15472.109232670640       4.99999999999999977E-007
  -3325.8418566234614       -17166.269108396282       4.99999999999999977E-007
  -3330.2504064473374       -18398.087036877809       4.99999999999999977E-007
  -2663.9893177449812       -18024.134020701655       4.99999999999999977E-007
  -1113.1452119070864       -17720.861682774612       4.99999999999999977E-007
   223.71156764824357       -17575.745316163069       4.99999999999999977E-007
   963.26997168782827       -17426.035945110420       4.99999999999999977E-007
   2129.0605420529873       -17223.669748988683       4.99999999999999977E-007
   3828.1830039644965       -17163.470302678201       4.99999999999999977E-007
   5490.3419700260920       -17128.041355212459       4.99999999999999977E-007
   6843.6255381105912       -16822.256386626770       4.99999999999999977E-007
   7791.3184191423197       -16617.107930608032       4.99999999999999977E-007
   8563.5040423667469       -16332.971477254347       4.99999999999999977E-007
   9092.5123851348144       -16052.750907259149       4.99999999999999977E-007
   9037.9253681098744       -16157.711422909653       4.99999999999999977E-007
   8133.1735988726377       -15859.176895753782       4.99999999999999977E-007
   5783.4211442375399       -15459.504749231093       4.99999999999999977E-007
   3094.1303739625523       -14741.818284708394       4.99999999999999977E-007
   1077.6653503738614       -14165.859844330678       4.99999999999999977E-007
   965.64317280201806       -14475.164992891192       4.99999999999999977E-007
   3717.7919046392099       -15231.598459332516       4.99999999999999977E-007
   4939.6129379736594       -15335.836138941309       4.99999999999999977E-007
   137.25301045122350       -14581.697539629682       4.99999999999999977E-007
  -5686.7700800604844       -12550.105663144626       4.99999999999999977E-007
  -10012.631345604843       -10029.209840078631       4.99999999999999977E-007
  -13904.666508637592       -5515.4785383456438       4.99999999999999977E-007
  -15418.410246994999        2746.8087709233700       4.99999999999999977E-007
  -11066.845340666299        7666.8940738916326       4.99999999999999977E-007
  -11433.701356953052        1298.9899632927081       4.99999999999999977E-007
  -14262.842606454444       -10135.849413785631       4.99999999999999977E-007
  -12720.537822568158       -12088.276578417039       4.99999999999999977E-007
  -12810.773424361132       -12422.273044868161       4.99999999999999977E-007
  -13640.372785640488       -11971.935159427572       4.99999999999999977E-007
  -14607.696476123023       -11060.146605983331       4.99999999999999977E-007
  -15134.918712518249       -10565.906166677563       4.99999999999999977E-007
  -14853.491389775816       -11240.811557509394       4.99999999999999977E-007
  -13704.152513706702       -12810.111576517853       4.99999999999999977E-007
  -11781.499677267566       -15580.696228306584       4.99999999999999977E-007
  -9241.8843696265303       -17736.616737654698       4.99999999999999977E-007
  -8864.3013567253201       -17928.306151367386       4.99999999999999977E-007
  -12401.018505464537       -14254.678660654146       4.99999999999999977E-007
  -14662.543931711672       -6836.1366845221355       4.99999999999999977E-007
  -12922.204114050399       -5008.0777869409740       4.99999999999999977E-007
  -4355.2811227803631       -12481.577806172014       4.99999999999999977E-007
   3798.5343784479292       -19585.063997082911       4.99999999999999977E-007
   3770.4324668271770       -19503.019746133625       4.99999999999999977E-007
   2752.3084614575932       -19654.537725069495       4.99999999999999977E-007
   1941.1749458609020       -19646.951833427513       4.99999999999999977E-007
  -937.85117409013185       -19915.378770802534       4.99999999999999977E-007
  -7047.7172705871471       -16479.444624506286       4.99999999999999977E-007
  -12453.057108659557       -11626.638828139714       4.99999999999999977E-007
  -15541.639826211442       -11027.043543462014       4.99999999999999977E-007
  -14800.211839436161       -13450.718136521093       4.99999999999999977E-007
  -11729.994270738853       -16191.024696570250       4.99999999999999977E-007
  -8564.9650333241207       -18048.774662117685       4.99999999999999977E-007
  -4331.2061336546813       -18802.343936804817       4.99999999999999977E-007
   2375.5443668117969       -17951.418541639548       4.99999999999999977E-007
   10780.753931422170       -15513.483225016096       4.99999999999999977E-007
   16752.176861491476       -10925.409392847007       4.99999999999999977E-007
   18531.426781567658       -7504.0905104301355       4.99999999999999977E-007
   18970.464828070199       -6334.1506302701337       4.99999999999999977E-007
   19063.599519833351       -6048.0718702252198       4.99999999999999977E-007
   19173.571441691303       -5689.8293621478379       4.99999999999999977E-007
   19352.077216627422       -5049.4660511473739       4.99999999999999977E-007
   19640.691272234420       -3774.0225686626027       4.99999999999999977E-007
   19922.686231037613       -1756.8646332669794       4.99999999999999977E-007
   19992.078555837918       -562.84546476422759       4.99999999999999977E-007
   19990.018531470952       -631.79040151609740       4.99999999999999977E-007
   19967.066647015647       -1147.2791785939867       4.99999999999999977E-007
   19915.185123715793       -1839.9460557660645       4.99999999999999977E-007
   19903.915116398810       -1958.1018970398050       4.99999999999999977E-007
   19925.161476409248       -1728.5659197776690       4.99999999999999977E-007
   19929.882631067761       -1673.2538097561799       4.99999999999999977E-007
   19935.452427061900       -1605.5330978686543       4.99999999999999977E-007
   19964.490034398747       -1191.2756466885071       4.99999999999999977E-007
   19972.192500334611       -1054.2896801059751       4.99999999999999977E-007
   19977.713745682362       -943.90332957032513       4.99999999999999977E-007
   19977.441802086894       -949.64153459669308       4.99999999999999977E-007
   19964.477836286558       -1191.4800562421410       4.99999999999999977E-007
   19918.072711970286       -969.12120807918393       4.99999999999999977E-007
   19995.041084779510       -445.34483041724513       4.99999999999999977E-007
   19999.822141507713        84.346357703785998       4.99999999999999977E-007
   19991.377529302234       -587.21757544349339       4.99999999999999977E-007
   19602.520186435064       -3770.2313622663637       4.99999999999999977E-007
   17209.546194079288       -7622.5091033235685       4.99999999999999977E-007
   13542.495272763879       -5964.6122551600183       4.99999999999999977E-007
   1559.8302126450653        1886.2420873386257       4.99999999999999977E-007
  -15097.191740642842        3808.4783655290776       4.99999999999999977E-007
  -19379.975221656634       -4882.4183621108759       4.99999999999999977E-007
  -17917.851106992988       -8844.8443131754047       4.99999999999999977E-007
  -17218.705184729275       -10068.160750907879       4.99999999999999977E-007
  -16731.882926095681       -10925.585780257632       4.99999999999999977E-007
  -16047.729277763348       -11913.379041511042       4.99999999999999977E-007
  -15277.953416496819       -12893.737545630920       4.99999999999999977E-007
  -14763.336935740748       -13388.539239672378       4.99999999999999977E-007
  -15358.739406126886       -12686.498421633780       4.99999999999999977E-007
  -15037.868468719300       -13165.462770592827       4.99999999999999977E-007
  -13886.490934721734       -14393.240410689010       4.99999999999999977E-007
  -12162.386345932437       -15840.142347529665       4.99999999999999977E-007
  -10584.752315359901       -16969.473133320411       4.99999999999999977E-007
  -9207.8642856705828       -17754.301881422209       4.99999999999999977E-007
  -8303.2166881653429       -18150.697101724898       4.99999999999999977E-007
  -7419.8215105723220       -18559.918280087073       4.99999999999999977E-007
  -5395.8369407710170       -19247.124994858103       4.99999999999999977E-007
   26.383099027620290       -19999.982598294573       4.99999999999999977E-007
   6818.9650237942687       -18786.330345089438       4.99999999999999977E-007
   10162.379518911646       -17178.581129384511       4.99999999999999977E-007
   12722.372028377717       -15350.049184418538       4.99999999999999977E-007
   14402.176249873079       -13763.915270493540       4.99999999999999977E-007
   14938.603044385556       -13172.671365567094       4.99999999999999977E-007
   14381.153335923824       -13701.402947478200       4.99999999999999977E-007
   13781.374212165218       -14257.455021918557       4.99999999999999977E-007
   12787.106717065799       -13649.681040188343       4.99999999999999977E-007
   9168.9889228785160       -9207.1885292857041       4.99999999999999977E-007
   7519.9759877719434       -6920.0539815867241       4.99999999999999977E-007
   8882.7200406288921       -8481.3051537203937       4.99999999999999977E-007
   11058.111549289017       -11115.291041299886       4.99999999999999977E-007
   11050.669302710874       -11695.988116494655       4.99999999999999977E-007
   6798.4000629985076       -8090.0540922374739       4.99999999999999977E-007
  -269.90499148707841       -2962.3802523930876       4.99999999999999977E-007
  -7329.3647802805363       -508.00352101973613       4.99999999999999977E-007
  -12133.101072404919       -3778.8805405144590       4.99999999999999977E-007
  -14587.986349607690       -10946.061748356384       4.99999999999999977E-007
  -12053.931694587105       -15959.408845638000       4.99999999999999977E-007
  -8704.6562615540697       -18006.358859252679       4.99999999999999977E-007
  -6217.8022778924942       -19008.917245151941       4.99999999999999977E-007
  -4477.7153109258170       -19492.307857057371       4.99999999999999977E-007
  -3347.1961045946332       -19717.917695268599       4.99999999999999977E-007
  -2712.9225648891615       -19815.147013255169       4.99999999999999977E-007
  -2007.3911491617182       -19899.004517167868       4.99999999999999977E-007
  -176.02257804605935       -19999.225386299790       4.99999999999999977E-007
   2467.6792043320543       -19847.180135840637       4.99999999999999977E-007
  -3095.7802489354735       -19758.951000756620       4.99999999999999977E-007
  -8612.7898207639009       -18050.480644662781       4.99999999999999977E-007
  -9416.2692467747911       -17644.655663181507       4.99999999999999977E-007
  -9445.3399123461113       -17629.110979860601       4.99999999999999977E-007
  -9503.8838562782803       -17597.618919796310       4.99999999999999977E-007
  -5685.9500144266540       -9437.0204117964477       4.99999999999999977E-007
  -3946.3641906307621       -1553.2183183142226       4.99999999999999977E-007
  -6078.1812974688310        1333.6906087065177       4.99999999999999977E-007
  -17778.589737802311       -6273.3924957922472       4.99999999999999977E-007
  -19140.446879515905       -5754.6930068717384       4.99999999999999977E-007
  -19954.575793780827        665.31902021509813       4.99999999999999977E-007
  -18880.974225802172        6532.7431691983938       4.99999999999999977E-007
  -17318.710049169262        9978.8351524378922       4.99999999999999977E-007
  -16191.427744978073        11740.428764706778       4.99999999999999977E-007
  -15261.611993510420        12926.066662350884       4.99999999999999977E-007
  -15272.140310366804        12898.436524476210       4.99999999999999977E-007
  -15640.180818886754        12391.749412186055       4.99999999999999977E-007
  -15538.211160294994        12541.686889736469       4.99999999999999977E-007
  -15542.225429377517        12571.330337343479       4.99999999999999977E-007
  -16044.806075044484        11872.951115890144       4.99999999999999977E-007
  -16767.830203805690        10833.793308643939       4.99999999999999977E-007
  -17450.460128325507        7941.9918618558904       4.99999999999999977E-007
  -16817.929724202666       -2246.1323124880932       4.99999999999999977E-007
  -14849.910904661412       -13397.020046399053       4.99999999999999977E-007
  -7680.5601520974542       -18466.428884600638       4.99999999999999977E-007
   838.24094206812288       -19982.426082011181       4.99999999999999977E-007
   7617.8267192957828       -18492.396169095646       4.99999999999999977E-007
   9595.8583411099335       -17547.635245164827       4.99999999999999977E-007
   9325.7122822361507       -17692.684658608196       4.99999999999999977E-007
   9370.5589419862608       -17668.973516159938       4.99999999999999977E-007
   9729.3881146644180       -17473.952240813374       4.99999999999999977E-007
   10078.541709237603       -17274.923936595438       4.99999999999999977E-007
   10328.717785541494       -17126.517127152234       4.99999999999999977E-007
   10551.128252221371       -16990.400013100811       4.99999999999999977E-007
   10873.195115384504       -16786.114141836955       4.99999999999999977E-007
   11168.071022944396       -16591.389020406630       4.99999999999999977E-007
   11407.618255544305       -16427.606208324214       4.99999999999999977E-007
   11782.201321275679       -16161.056030622802       4.99999999999999977E-007
   12312.177968434220       -15761.036567231326       4.99999999999999977E-007
   12882.163731474253       -15298.688100470881       4.99999999999999977E-007
   13778.906186776392       -14496.266564050735       4.99999999999999977E-007
   14791.096098725990       -13461.926912528266       4.99999999999999977E-007
   16206.228850781621       -11719.989182422201       4.99999999999999977E-007
   17658.453025265244       -9390.3693619846927       4.99999999999999977E-007
   18855.857582940080       -6667.5808815402579       4.99999999999999977E-007
   16441.681183152756        5688.1393525063359       4.99999999999999977E-007
   8277.3116608153305        18206.760054159295       4.99999999999999977E-007
   5256.7713131638093        19296.796505148155       4.99999999999999977E-007
   2641.6406449365154        19824.775779388259       4.99999999999999977E-007
   718.03961293997270        19987.106321682713       4.99999999999999977E-007
  -416.77762565023284        19995.656938714401       4.99999999999999977E-007
  -683.47387897796989        19988.318174792865       4.99999999999999977E-007
  -660.05207995793910        19989.105313938970       4.99999999999999977E-007
  -206.30212092889653        19998.935957567850       4.99999999999999977E-007
   285.29756951052548        19997.965028893101       4.99999999999999977E-007
   856.39485010109252        19981.656284220295       4.99999999999999977E-007
   1820.9617241632238        19916.929944123731       4.99999999999999977E-007
   3156.1199806952068        19749.402691409592       4.99999999999999977E-007
   4913.7563991271500        19386.980116821625       4.99999999999999977E-007
   7155.8394052098502        18676.026408389069       4.99999999999999977E-007
   10076.955730208361        17275.849131415245       4.99999999999999977E-007
   12627.374291015683        15509.655654288272       4.99999999999999977E-007
   15093.251283600106        13122.262216938958       4.99999999999999977E-007
   17194.122630389284        10215.779312961642       4.99999999999999977E-007
   18790.395258866341        6849.8938689277011       4.99999999999999977E-007
   19563.528725595213        4155.5196790306481       4.99999999999999977E-007
   19867.555868336389        2297.8737603559330       4.99999999999999977E-007
   19988.750681257985        670.70574957161250       4.99999999999999977E-007
   19995.676722027485       -415.82740189669744       4.99999999999999977E-007
   19960.936055642767       -1249.4125749889590       4.99999999999999977E-007
   19926.054941172497       -1718.2358631384429       4.99999999999999977E-007
   19907.948942539850       -1916.6556553608000       4.99999999999999977E-007
   19924.146021940607       -1740.2313916224505       4.99999999999999977E-007
   19943.763304015676       -1498.7679184575982       4.99999999999999977E-007
   19979.659786141154       -901.77315886759982       4.99999999999999977E-007
   19999.995374767375        13.601811778798035       4.99999999999999977E-007
   19939.001750983327        1560.8360497771289       4.99999999999999977E-007
   19652.246429010920        3713.3825945393087       4.99999999999999977E-007
   18887.067419910170        6578.6536826137753       4.99999999999999977E-007
   17633.263010882943        9437.5863222026946       4.99999999999999977E-007
   16074.369201148525        11900.195577601560       4.99999999999999977E-007
   14110.701109218395        14173.500421783701       4.99999999999999977E-007
   11251.073855755936        16535.215060359067       4.99999999999999977E-007
   6208.5772491474627        19011.932267430591       4.99999999999999977E-007
  -3110.0264403976757        19756.713682696001       4.99999999999999977E-007
  -12325.498775674572        15750.621572841012       4.99999999999999977E-007
  -13498.747546643110        14757.500285346317       4.99999999999999977E-007
  -13676.154023307046        14593.245394043865       4.99999999999999977E-007
  -14230.266884349596        14053.451689893955       4.99999999999999977E-007
  -13999.725524419366        14283.125891796966       4.99999999999999977E-007
  -14662.822695838957        13601.530450298231       4.99999999999999977E-007
  -16946.888474331961        10620.874306692200       4.99999999999999977E-007
  -18763.689331287769        6922.7135343676828       4.99999999999999977E-007
  -19686.819505095340        3525.4982305764538       4.99999999999999977E-007
  -19999.476072937676       -144.76466417413647       4.99999999999999977E-007
  -19680.362952500305       -3561.3640726347412       4.99999999999999977E-007
  -19189.554805072428       -5635.6886343304723       4.99999999999999977E-007
  -18653.600457263870       -7214.0966157076864       4.99999999999999977E-007
  -17851.734131011483       -9017.5156509805765       4.99999999999999977E-007
  -17122.302809063276       -10335.702516749592       4.99999999999999977E-007
  -16635.813864685733       -11101.788011826289       4.99999999999999977E-007
  -16378.926275015738       -11477.402758359536       4.99999999999999977E-007
  -16486.000856752289       -11323.063885325508       4.99999999999999977E-007
  -16990.112348378720       -10551.591462403618       4.99999999999999977E-007
  -18117.927441650318       -8469.9885017096913       4.99999999999999977E-007
  -19511.849935739490       -4391.7777818535851       4.99999999999999977E-007
  -19931.505281810176       -1653.8129281067461       4.99999999999999977E-007
  -19998.719412151324        226.32250007870039       4.99999999999999977E-007
  -19867.618447635847        2297.3326313705338       4.99999999999999977E-007
  -19469.164821652543        4577.2940857374570       4.99999999999999977E-007
  -18694.555440537468        7107.2918105753124       4.99999999999999977E-007
  -17869.374253284979        8982.5087696052869       4.99999999999999977E-007
  -17334.573767205016        9975.5978422011231       4.99999999999999977E-007
  -16910.256505678226        10679.102252163673       4.99999999999999977E-007
  -16381.866134914479        11473.206262320144       4.99999999999999977E-007
  -15953.985357459540        12061.109037479373       4.99999999999999977E-007
  -15575.152090671703        12546.499007788781       4.99999999999999977E-007
  -15252.053482037260        12937.343799291843       4.99999999999999977E-007
  -15013.895263748631        13212.984106899790       4.99999999999999977E-007
  -14821.954221080636        13427.943739388766       4.99999999999999977E-007
  -14787.905612378423        13465.431578653048       4.99999999999999977E-007
  -14779.834502219255        13474.290040184280       4.99999999999999977E-007
  -14882.399625949996        13360.919929912139       4.99999999999999977E-007
  -15114.172614096849        13098.159649022637       4.99999999999999977E-007
  -15357.871080873030        12811.549315492013       4.99999999999999977E-007
  -15812.959176173570        12245.420453894922       4.99999999999999977E-007
  -16287.583053231907        11606.663529372805       4.99999999999999977E-007
  -16995.951076078189        10542.184167408417       4.99999999999999977E-007
  -17600.886298829195        9497.8314101528813       4.99999999999999977E-007
  -18322.900562357998        8016.9392527286218       4.99999999999999977E-007
  -18936.395624784389        6435.2871530062030       4.99999999999999977E-007
  -19382.823730304619        4930.1261890483211       4.99999999999999977E-007
  -19746.664336825921        3173.2077727005721       4.99999999999999977E-007
  -19950.309717535110        1408.9507352722205       4.99999999999999977E-007
  -19999.452989519850       -147.91930227485915       4.99999999999999977E-007
  -19941.932223097829       -1522.9376905745096       4.99999999999999977E-007
  -19785.910286726725       -2918.5191665640327       4.99999999999999977E-007
  -19596.613159087032       -3996.5926353704149       4.99999999999999977E-007
  -19413.059976712477       -4809.6883828959399       4.99999999999999977E-007
  -19215.609530738620       -5546.2014354138892       4.99999999999999977E-007
  -19052.439977967922       -6083.1349554263288       4.99999999999999977E-007
  -18951.868682137250       -6389.5753736085799       4.99999999999999977E-007
  -18882.498597211401       -6591.7559668353479       4.99999999999999977E-007
  -18929.065406394024       -6456.8167730281048       4.99999999999999977E-007
  -18991.686701724146       -6270.2341442368997       4.99999999999999977E-007
  -19109.194002327455       -5902.4320903685466       4.99999999999999977E-007
  -19320.948813869316       -5167.2949337000155       4.99999999999999977E-007
  -19546.359756736703       -4235.5424989278354       4.99999999999999977E-007
  -19810.421315685537       -2747.2181011037533       4.99999999999999977E-007
  -19994.436128877012       -471.72437742573771       4.99999999999999977E-007
  -19554.551642055059        4197.5600148421663       4.99999999999999977E-007
  -13264.134604893983        14968.725168939871       4.99999999999999977E-007
  -4796.2021276936975        19416.396296694875       4.99999999999999977E-007
   2337.9259918115431        19862.882521346492       4.99999999999999977E-007
   8199.7058513046541        18241.842668767873       4.99999999999999977E-007
   11718.179814593670        16207.537192085954       4.99999999999999977E-007
   13527.577596908055        14731.077501650425       4.99999999999999977E-007
   14619.929947913330        13647.624273774059       4.99999999999999977E-007
   15096.767900987050        13118.216301911136       4.99999999999999977E-007
   15601.415268790704        12513.826018078733       4.99999999999999977E-007
   15863.418427125654        12179.981765418626       4.99999999999999977E-007
   16118.140748920358        11840.841980112442       4.99999999999999977E-007
   16334.758948776416        11540.175478967760       4.99999999999999977E-007
   16422.181126305233        11415.426713654824       4.99999999999999977E-007
   16506.563187254760        11293.067419667961       4.99999999999999977E-007
   16537.059261147027        11248.363036162698       4.99999999999999977E-007
   16425.395197717684        11410.801575647209       4.99999999999999977E-007
   16149.849352792962        11797.557623597044       4.99999999999999977E-007
   15467.156495823416        12679.395487707903       4.99999999999999977E-007
   14194.595011910571        14089.480914776228       4.99999999999999977E-007
   11721.223607003512        16205.336070400501       4.99999999999999977E-007
   6239.0389387017613        19001.957612871447       4.99999999999999977E-007
  -6082.9701843426028        19052.492585916389       4.99999999999999977E-007
  -17828.994027032310        9062.3932812500589       4.99999999999999977E-007
  -19987.235834841304        714.42542118521249       4.99999999999999977E-007
  -19793.726909296965       -2865.0261849018366       4.99999999999999977E-007
  -19564.324763952383       -4151.7702887562946       4.99999999999999977E-007
  -19522.056584227445       -4346.1830060665807       4.99999999999999977E-007
  -19515.738926962669       -4374.4638682510486       4.99999999999999977E-007
  -19562.940620067144       -4158.2874234144629       4.99999999999999977E-007
  -19610.930766946487       -3925.7348934985071       4.99999999999999977E-007
  -19697.911387940570       -3462.9881537252072       4.99999999999999977E-007
  -19750.496577600308       -3149.2673653087149       4.99999999999999977E-007
  -19760.184973613428       -3087.8940734070111       4.99999999999999977E-007
  -19768.052689585209       -3037.1191714819074       4.99999999999999977E-007
  -19779.986163615024       -2958.4028405878466       4.99999999999999977E-007
  -19802.532431331023       -2803.5173097526999       4.99999999999999977E-007
  -19856.077161252779       -2395.0364853955366       4.99999999999999977E-007
  -19855.511896767897       -2399.7181745589455       4.99999999999999977E-007
  -19997.822271130306        295.13456640096575       4.99999999999999977E-007
  -18105.841876151480        8495.7924854482753       4.99999999999999977E-007
  -16116.472490904351        11843.112532181873       4.99999999999999977E-007
  -16440.189388201205        11389.476409391104       4.99999999999999977E-007
  -18467.671062653226        7677.5728926295897       4.99999999999999977E-007
  -19999.388322394996        156.41844536588133       4.99999999999999977E-007
  -19484.571357027220       -4511.2613571942793       4.99999999999999977E-007
  -18400.285290106603       -7837.6974452122431       4.99999999999999977E-007
  -9458.4032674902410       -5221.7228811362711       4.99999999999999977E-007
   4566.4271552014907        6228.7276737269121       4.99999999999999977E-007
   8994.8421426388304        14888.159339096652       4.99999999999999977E-007
   7173.8034009437642        18669.133476533068       4.99999999999999977E-007
   5729.8553541401398        19150.850155048294       4.99999999999999977E-007
   4652.0868571256942        17278.260672052114       4.99999999999999977E-007
   468.27587321166908        10238.887034582407       4.99999999999999977E-007
  -4410.8179789934738        9769.6570134932044       4.99999999999999977E-007
  -8430.2444580833107        18136.454404788044       4.99999999999999977E-007
  -5390.8390358696479        19259.772960482791       4.99999999999999977E-007
  -3015.9957586842302        19771.286492881507       4.99999999999999977E-007
  -825.62118940808125        19982.951474984879       4.99999999999999977E-007
   2090.0767868185608        19890.489662781110       4.99999999999999977E-007
   4986.7553637742376        19368.331650967484       4.99999999999999977E-007
   7630.4340920111108        18487.197612604097       4.99999999999999977E-007
   10449.499344088517        17053.092489571904       4.99999999999999977E-007
   13370.877305544140        14873.454208087800       4.99999999999999977E-007
   15934.176376065181        12087.266987058996       4.99999999999999977E-007
   17609.307343112119        9482.2093889460975       4.99999999999999977E-007
   18612.215537934509        7320.2071534533243       4.99999999999999977E-007
   19173.263976602037        5690.8653545427187       4.99999999999999977E-007
   19542.603180823502        4252.8415109038715       4.99999999999999977E-007
   19773.690413158460        3000.1945677847652       4.99999999999999977E-007
   19925.673425421483        1722.6545049579925       4.99999999999999977E-007
   19987.089695669663        718.50225974283160       4.99999999999999977E-007
   19996.431524239357       -377.79133977163241       4.99999999999999977E-007
   19968.310734416977       -1125.4183283418488       4.99999999999999977E-007
   19903.247038586043       -1964.8809941103073       4.99999999999999977E-007
   19823.697255608316       -2649.7220831602804       4.99999999999999977E-007
   19727.411634759505       -3290.7795721918769       4.99999999999999977E-007
   19607.322321921107       -3943.7179620624902       4.99999999999999977E-007
   19505.015844772046       -4422.0308564268726       4.99999999999999977E-007
   19384.295069255164       -4924.3379928727418       4.99999999999999977E-007
   19251.993262360938       -5418.5565814162201       4.99999999999999977E-007
   19174.164971759717       -5687.8289035222115       4.99999999999999977E-007
   19035.537365748409       -6135.8224548300095       4.99999999999999977E-007
   18958.683865403469       -6369.3254031875413       4.99999999999999977E-007
   18858.375403100901       -6660.4562272954672       4.99999999999999977E-007
   18784.031957665258       -6867.3243270876819       4.99999999999999977E-007
   18711.048015722601       -7063.7583589278656       4.99999999999999977E-007
   18706.214950953796       -7076.5473367110772       4.99999999999999977E-007
   18719.913945116266       -7040.2288235143014       4.99999999999999977E-007
   18790.929644778946       -6848.4277819779827       4.99999999999999977E-007
   18907.722774388159       -6519.0505050109350       4.99999999999999977E-007
   19075.213663787188       -6011.3412547339649       4.99999999999999977E-007
   19366.264226405263       -4994.7782646535725       4.99999999999999977E-007
   19682.885066178187       -3547.3984089216201       4.99999999999999977E-007
   19961.251559425164       -1244.3617566232581       4.99999999999999977E-007
   19837.304984153172        2545.8458252006903       4.99999999999999977E-007
   18269.319727376453        8138.3018313953899       4.99999999999999977E-007
   13977.417110249207        14304.957564638655       4.99999999999999977E-007
   8214.4221325980943        18235.220564267453       4.99999999999999977E-007
   2799.3724950528240        19803.118785533297       4.99999999999999977E-007
  -104.12511536792272        19999.728947172000       4.99999999999999977E-007
  -1182.4797389007576        19965.012939316850       4.99999999999999977E-007
  -1903.4730177786935        19909.213707994310       4.99999999999999977E-007
  -2063.3057209838807        19893.284532770227       4.99999999999999977E-007
  -2000.8168487787584        19899.666628806699       4.99999999999999977E-007
  -1822.7520151638578        19916.766180562950       4.99999999999999977E-007
  -1333.5763499228872        19955.489824079144       4.99999999999999977E-007
  -918.44801800807693        19978.900200917393       4.99999999999999977E-007
  -264.42098279330361        19998.251962205562       4.99999999999999977E-007
   482.96621513474457        19994.167740494686       4.99999999999999977E-007
   1579.4831330781594        19937.533273510082       4.99999999999999977E-007
   2781.0695517192521        19805.697466852816       4.99999999999999977E-007
   4215.6860084945538        19550.651945083144       4.99999999999999977E-007
   6150.1669112179834        19030.907675782557       4.99999999999999977E-007
   8623.6914868979420        18045.274870137167       4.99999999999999977E-007
   11430.956697149300        16411.374987730236       4.99999999999999977E-007
   14398.736695592444        13880.791820749981       4.99999999999999977E-007
   17240.375075621127        10137.527669599815       4.99999999999999977E-007
   19352.578862780905        5047.5431013361049       4.99999999999999977E-007
   19969.236054880177       -1062.7682106370573       4.99999999999999977E-007
   18468.470279347977       -7671.3358780697499       4.99999999999999977E-007
   14606.216503429245       -13629.519927296669       4.99999999999999977E-007
   9504.9493084203605       -17596.456129230271       4.99999999999999977E-007
   4474.7026487008507       -19492.999671823462       4.99999999999999977E-007
  -156.90244224781665       -19999.384531120370       4.99999999999999977E-007
  -4763.5829193672307       -19424.424773215622       4.99999999999999977E-007
  -7801.0434290668836       -18415.855163901902       4.99999999999999977E-007
  -10055.907897766305       -17288.109102838323       4.99999999999999977E-007
  -12062.948836979895       -15952.594314292752       4.99999999999999977E-007
  -13741.594257102264       -14531.640900915976       4.99999999999999977E-007
  -15229.091741008671       -12964.365188621518       4.99999999999999977E-007
  -16341.633768615287       -11530.438229852869       4.99999999999999977E-007
  -17252.530523393194       -10116.827098423013       4.99999999999999977E-007
  -17986.937067525047       -8744.7181160340169       4.99999999999999977E-007
  -18482.631072775715       -7641.4886395037947       4.99999999999999977E-007
  -18895.837774573072       -6553.4200839727437       4.99999999999999977E-007
  -19175.131521291820       -5684.5695651615415       4.99999999999999977E-007
  -19325.520380654070       -5150.1710667631414       4.99999999999999977E-007
  -19426.024584701208       -4757.0546385956422       4.99999999999999977E-007
  -19425.701046755348       -4758.3756516366075       4.99999999999999977E-007
  -19352.914279428554       -5046.2569190530048       4.99999999999999977E-007
  -19188.054237294520       -5640.7955632733010       4.99999999999999977E-007
  -18860.845961706196       -6653.4569667798360       4.99999999999999977E-007
  -18284.948437485767       -8103.1265964741515       4.99999999999999977E-007
  -17161.450446574909       -10270.570508484614       4.99999999999999977E-007
  -14957.123583105955       -13277.215601160346       4.99999999999999977E-007
  -11317.607962525919       -16489.746814507795       4.99999999999999977E-007
  -6836.6636472538576       -18795.212959004151       4.99999999999999977E-007
  -1960.7023476492811       -19903.659118461674       4.99999999999999977E-007
   2301.9245371922862       -19867.086938579396       4.99999999999999977E-007
   5795.6734770267522       -19141.843405160555       4.99999999999999977E-007
   8455.0414277332984       -18124.907570945394       4.99999999999999977E-007
   10302.843655995341       -17142.094755312624       4.99999999999999977E-007
   11245.466883103900       -16539.028828229712       4.99999999999999977E-007
   10944.299256550967       -16739.842107470966       4.99999999999999977E-007
   10807.553243904586       -16828.451886022300       4.99999999999999977E-007
   10753.407232190108       -16863.102706758371       4.99999999999999977E-007
   9982.8983046106550       -17330.370493437287       4.99999999999999977E-007
   8756.3789155979430       -17981.263256136142       4.99999999999999977E-007
   8464.7678038127906       -12250.678701171690       4.99999999999999977E-007
   3738.4227427754881       -536.86715252288650       4.99999999999999977E-007
  -64.477155399410066        4717.3757387183177       4.99999999999999977E-007
  -1796.5454835240798        9568.3874060156031       4.99999999999999977E-007
  -467.20617358187030        17751.417876897754       4.99999999999999977E-007
   295.18966630756603        19997.821457871487       4.99999999999999977E-007
  -2740.7056041871342        19811.323347802318       4.99999999999999977E-007
  -8629.4067805955419        18042.542465379200       4.99999999999999977E-007
  -12616.971004642548        15518.119817426634       4.99999999999999977E-007
  -13325.282455259936        14914.316862918722       4.99999999999999977E-007
  -13123.472251151501        15092.199179485293       4.99999999999999977E-007
  -11276.907072233051        16517.607783338972       4.99999999999999977E-007
  -8996.5464992646703        17862.310911149449       4.99999999999999977E-007
  -8890.0593150673249        17915.547587907680       4.99999999999999977E-007
  -9109.7440948355852        17804.846602164485       4.99999999999999977E-007
  -8803.2899236559842        17958.343089496229       4.99999999999999977E-007
  -7596.5014248468033        18501.166614630023       4.99999999999999977E-007
  -4826.3711325732320        19408.919127315250       4.99999999999999977E-007
  -1574.7223796540056        19937.909856025952       4.99999999999999977E-007
   267.22532208793302        19998.214685997224       4.99999999999999977E-007
   860.59111782840534        19981.475994728589       4.99999999999999977E-007
   2310.2508025849170        19866.120437296151       4.99999999999999977E-007
   5604.7266532809790        19198.620761450595       4.99999999999999977E-007
   9320.1948078404366        17695.591788462578       4.99999999999999977E-007
   12235.373827704550        15820.734094735380       4.99999999999999977E-007
   13912.139335827049        14368.450824655165       4.99999999999999977E-007
   14975.892091282121        13256.042247604433       4.99999999999999977E-007
   15666.719965048613        12431.970299865876       4.99999999999999977E-007
   16173.604002053557        11764.970615550093       4.99999999999999977E-007
   16396.778587650515        11451.884209489963       4.99999999999999977E-007
   16497.067464788419        11306.934379495595       4.99999999999999977E-007
   16431.185876436946        11402.461606775050       4.99999999999999977E-007
   16282.602796260808        11576.033238138758       4.99999999999999977E-007
   16450.481255692102        11374.606211035296       4.99999999999999977E-007
   17128.254376795026        10325.192400065162       4.99999999999999977E-007
   17739.856472400177        9232.9038137216121       4.99999999999999977E-007
   18938.074078016747        6423.3824326029571       4.99999999999999977E-007
   19078.204872318394       -3637.9384434144986       4.99999999999999977E-007
  -550.46222272458988       -15038.865858540172       4.99999999999999977E-007
  -11352.633955864925       -16393.005745870189       4.99999999999999977E-007
  -13359.752972540147       -14883.447198572805       4.99999999999999977E-007
  -13389.672073901398       -14856.536667520631       4.99999999999999977E-007
  -7604.0588117274237       -17667.839512185281       4.99999999999999977E-007
  -3391.3922935698238       -19710.364235881469       4.99999999999999977E-007
  -4560.7928024744706       -19473.036974568120       4.99999999999999977E-007
  -5881.5496377231411       -19115.631662568696       4.99999999999999977E-007
  -6494.5678733884188       -18916.146228498845       4.99999999999999977E-007
  -6411.0850917513135       -18944.603135096921       4.99999999999999977E-007
  -6116.4306327193517       -19041.777131222083       4.99999999999999977E-007
  -5826.4890977567038       -19132.486111159789       4.99999999999999977E-007
  -5450.2785629939663       -19243.036755818153       4.99999999999999977E-007
  -5001.9881224447718       -19364.403291166022       4.99999999999999977E-007
  -4323.4379908967603       -19527.106389295641       4.99999999999999977E-007
  -3696.7816200202437       -19655.375998791795       4.99999999999999977E-007
  -3151.1293955519463       -19750.199582092540       4.99999999999999977E-007
  -2350.8080690314277       -19861.362023350179       4.99999999999999977E-007
  -1466.6527039150196       -19946.150752616373       4.99999999999999977E-007
  -424.04163949453522       -19995.504211896601       4.99999999999999977E-007
   645.96489130902989       -19989.565512016416       4.99999999999999977E-007
   1999.4921723380305       -19899.799774187653       4.99999999999999977E-007
   3557.7230965261219       -19681.021476753805       4.99999999999999977E-007
   5357.0587765141536       -19269.196175891007       4.99999999999999977E-007
   7777.2530352599915       -18425.914773099848       4.99999999999999977E-007
   12027.882136578872       -15979.050388197882       4.99999999999999977E-007
   15724.054725699438       -12359.373082127149       4.99999999999999977E-007
   17479.570399145141       -9719.2910575478181       4.99999999999999977E-007
   19415.418446344102       -4800.1590133412383       4.99999999999999977E-007
   19950.900948341019        1400.5539437970103       4.99999999999999977E-007
   18663.877301725435        7187.4671523519346       4.99999999999999977E-007
   16405.679190786333        11439.129787225964       4.99999999999999977E-007
   14030.297384565725        14253.096340818305       4.99999999999999977E-007
   11693.980102397078        16225.006297833639       4.99999999999999977E-007
   9510.6900266607026        17593.941434959270       4.99999999999999977E-007
   7553.5896162907120        18518.727923609255       4.99999999999999977E-007
   5920.5007609555187        19103.603606113826       4.99999999999999977E-007
   4234.0296697618360        19546.687513631983       4.99999999999999977E-007
   2300.8132507615733        19867.215667655091       4.99999999999999977E-007
   526.31579514830639        19993.073592716490       4.99999999999999977E-007
  -746.03993149378221        19986.080766889158       4.99999999999999977E-007
  -2244.9942606072577        19873.600599031884       4.99999999999999977E-007
  -3337.5049704315265        19719.560354438556       4.99999999999999977E-007
  -4274.5627307877767        19537.863584859020       4.99999999999999977E-007
  -4974.2350517371515        19371.550935587722       4.99999999999999977E-007
  -5760.1112867765696        19152.574708481083       4.99999999999999977E-007
  -6370.7693930449641        18958.198683963663       4.99999999999999977E-007
  -10963.229191840566        8609.9148885087325       4.99999999999999977E-007
  -16897.932329223997       -9936.7401377581591       4.99999999999999977E-007
  -15124.743677715265       -13054.663509625692       4.99999999999999977E-007
  -14970.870779080709       -13241.484959213320       4.99999999999999977E-007
  -16031.047031434222       -11845.037411367135       4.99999999999999977E-007
  -13473.039493126280       -8116.7739365292482       4.99999999999999977E-007
  -6442.6982314040879       -8217.6544492028788       4.99999999999999977E-007
  -147.87104701547119       -13041.193194471500       4.99999999999999977E-007
   2948.0082992717989       -19625.617407033795       4.99999999999999977E-007
  -2417.3286140903060       -19790.784023109311       4.99999999999999977E-007
  -6443.6467861627088       -18811.006966659472       4.99999999999999977E-007
  -9164.7368699996114       -17190.901590597467       4.99999999999999977E-007
  -13154.605088690290       -13956.211312736839       4.99999999999999977E-007
  -17254.603367076674        7.6212936859734377       4.99999999999999977E-007
  -16039.225613843588        9955.3118644458846       4.99999999999999977E-007
  -13357.710983060517        13400.482339968119       4.99999999999999977E-007
  -8768.8185702489227        13395.625276431982       4.99999999999999977E-007
  -977.05945809203274        10929.427056767272       4.99999999999999977E-007
   5647.2625258654798        16196.102780827105       4.99999999999999977E-007
   9493.9033931150607        17539.625657164968       4.99999999999999977E-007
   10808.016388710301        16801.537059087681       4.99999999999999977E-007
   8068.9758968029064        18175.826178250376       4.99999999999999977E-007
   8124.4060908425909        18273.816437766352       4.99999999999999977E-007
   10641.668512619583        16911.149711067996       4.99999999999999977E-007
   13386.323940268583        14859.033896875797       4.99999999999999977E-007
   15769.079223374860        12226.555828499024       4.99999999999999977E-007
   17557.785516901964        9576.8783062669700       4.99999999999999977E-007
   18798.786913023378        6826.8302013995471       4.99999999999999977E-007
   19513.881244186123        4382.7432947642537       4.99999999999999977E-007
   19855.573398633976        2144.6859460621481       4.99999999999999977E-007
   19996.873802611903        350.91290274592149       4.99999999999999977E-007
   19919.893697777436       -1785.3467217923621       4.99999999999999977E-007
   19645.345318191576       -3473.2113860202926       4.99999999999999977E-007
   19475.948471817061       -4325.0255923995555       4.99999999999999977E-007
   19282.574125022740       -5306.5485406929593       4.99999999999999977E-007
   18850.112804383090       -6469.9969351687032       4.99999999999999977E-007
   18331.622381148674       -7994.9013759457830       4.99999999999999977E-007
   17241.915364665612       -10133.278481017189       4.99999999999999977E-007
   15255.309701999991       -12861.469151231478       4.99999999999999977E-007
   12820.319939784145       -15319.246646886904       4.99999999999999977E-007
   11054.276648444607       -16667.422349591201       4.99999999999999977E-007
   8470.8321741472810       -18117.533007488390       4.99999999999999977E-007
  -2739.2076902189215       -17346.184425860603       4.99999999999999977E-007
  -12504.429735985743       -15608.947337274078       4.99999999999999977E-007
  -13337.943823894992       -14902.994818177367       4.99999999999999977E-007
  -13987.231576761051       -14295.361234262622       4.99999999999999977E-007
  -13857.255655008135       -14421.389174131078       4.99999999999999977E-007
  -13436.870798755092       -14813.861857650851       4.99999999999999977E-007
  -14590.165861458438       -13679.439320934640       4.99999999999999977E-007
  -17459.504074426506       -9755.2917678091126       4.99999999999999977E-007
  -19464.835663136386       -4595.6688965910007       4.99999999999999977E-007
  -19960.459399480951       -1257.0045989066664       4.99999999999999977E-007
  -19986.810195449383        726.23564431983266       4.99999999999999977E-007
  -19714.743313591236        3355.0077041814757       4.99999999999999977E-007
  -17619.555673482122        9463.1526390027084       4.99999999999999977E-007
  -6236.8877070275375        14299.424762504190       4.99999999999999977E-007
   4531.5888359358314        13749.773910848113       4.99999999999999977E-007
   9775.9066410130199        10716.904975706495       4.99999999999999977E-007
   11586.068584350034        3932.1424695151700       4.99999999999999977E-007
   13745.378951911292       -6131.9535000994501       4.99999999999999977E-007
   15248.334091356735       -12941.727374596017       4.99999999999999977E-007
   14827.991836840318       -13421.276321073079       4.99999999999999977E-007
   15105.225944361051       -13108.476233712361       4.99999999999999977E-007
   14915.825729094531       -13323.593464950873       4.99999999999999977E-007
   10734.629935485134       -10238.337630665965       4.99999999999999977E-007
   7602.0457091210992        5926.7714617914307       4.99999999999999977E-007
   12085.748239504785        15935.328345889426       4.99999999999999977E-007
   12969.865075625938        15224.408031843426       4.99999999999999977E-007
   12504.309564290661        15609.043606845011       4.99999999999999977E-007
   11231.684060134301        16548.391860640873       4.99999999999999977E-007
   10121.890042097404        17249.560631381002       4.99999999999999977E-007
   9311.3982090317259        17700.222128347450       4.99999999999999977E-007
   8620.9438308248355        18046.587695898725       4.99999999999999977E-007
   7853.8337723900122        18393.403575077293       4.99999999999999977E-007
   6956.3084517869347        18720.421185391100       4.99999999999999977E-007
   6230.0936611228708        19004.892343121457       4.99999999999999977E-007
   5729.5538778266600        19161.738239551272       4.99999999999999977E-007
   5230.3404673031555        19303.977274025448       4.99999999999999977E-007
   4688.1746130317961        19442.762632859667       4.99999999999999977E-007
   4413.3792436662698        19458.826015634346       4.99999999999999977E-007
   4045.1975715163094        19497.835336894328       4.99999999999999977E-007
   3894.4748572083731        19512.650597373253       4.99999999999999977E-007
   3854.5808422616765        19595.725013776875       4.99999999999999977E-007
   4004.9439976455146        19540.435719477377       4.99999999999999977E-007
   4211.9209762137116        19445.493998861759       4.99999999999999977E-007
   4429.9096843612097        19448.447425961349       4.99999999999999977E-007
   5157.4997497342038        19210.830187858148       4.99999999999999977E-007
   5768.1424224644852        19060.089475046036       4.99999999999999977E-007
   6820.6488004217927        18670.122258202944       4.99999999999999977E-007
   7731.9481194367718        18364.721959490831       4.99999999999999977E-007
   8817.7628584957529        17818.850515995164       4.99999999999999977E-007
   9918.7027212409685        17276.052087216616       4.99999999999999977E-007
   11060.343210447330        16527.735060965333       4.99999999999999977E-007
   12076.074579691185        15808.738494415469       4.99999999999999977E-007
   13016.732559561678        15113.089642738039       4.99999999999999977E-007
   13680.121678641728        14525.406982455663       4.99999999999999977E-007
   14222.423264319379        14003.168872886685       4.99999999999999977E-007
   14614.584653375792        13488.524428994393       4.99999999999999977E-007
   14941.750072236553        13248.640124106360       4.99999999999999977E-007
   14809.562663064724        13402.135917383204       4.99999999999999977E-007
   13817.579174861810        14329.971162484821       4.99999999999999977E-007
   11848.027628142994        16020.682657488689       4.99999999999999977E-007
   9154.4495158367663        17600.241237156064       4.99999999999999977E-007
   7265.8991540740672        18377.071460204308       4.99999999999999977E-007
   10171.070760630708        17075.101745857348       4.99999999999999977E-007
   14700.339116916322        13306.877159064919       4.99999999999999977E-007
   15856.836019947548        12164.194298490011       4.99999999999999977E-007
   13758.113162133081        13900.941508761933       4.99999999999999977E-007
   7094.2776964568438        16289.341535232017       4.99999999999999977E-007
  -4112.3596890836598        16605.204029775876       4.99999999999999977E-007
  -10803.532277564780        16086.416624919873       4.99999999999999977E-007
  -9977.9148491672804        16663.095521719450       4.99999999999999977E-007
  -3860.5617146547925        16131.916141696107       4.99999999999999977E-007
   3457.2308923360297        11069.497445003244       4.99999999999999977E-007
   7386.4130982999213       -1568.4780628403926       4.99999999999999977E-007
   9275.7273951380739       -14196.111851514648       4.99999999999999977E-007
   10494.040814600254       -16985.659313731128       4.99999999999999977E-007
   15556.962871665723       -11114.975696564705       4.99999999999999977E-007
   19922.824237843182        1755.2989454814297       4.99999999999999977E-007
   18542.623775314532        7494.7383895063504       4.99999999999999977E-007
   19402.884705725155        4850.5736873422366       4.99999999999999977E-007
   19741.665407152472       -3204.1608811106007       4.99999999999999977E-007
   19574.974619040157       -4101.2642762852611       4.99999999999999977E-007
   19827.878487641505        2618.2503087602786       4.99999999999999977E-007
   15464.657298219383        12682.443559844056       4.99999999999999977E-007
   12072.081002201514        15945.684691360395       4.99999999999999977E-007
   10752.535528071345        16863.658550787950       4.99999999999999977E-007
   9136.5010034312454        17791.131201087239       4.99999999999999977E-007
   7166.1239471795379        18672.082571948420       4.99999999999999977E-007
   4488.9144053360487        19489.731846835824       4.99999999999999977E-007
   1472.7043214853420        19945.704850455357       4.99999999999999977E-007
  -919.53985022415441        19978.849978511018       4.99999999999999977E-007
  -2448.7835142939821        19849.520379599151       4.99999999999999977E-007
  -4152.4487712383852        19564.180770025636       4.99999999999999977E-007
  -6770.7072483488228        18819.073392628998       4.99999999999999977E-007
  -11893.898783896477        16079.028942023393       4.99999999999999977E-007
  -16099.654528487004        11865.964944469028       4.99999999999999977E-007
  -17458.279678923715        9757.4828030839653       4.99999999999999977E-007
  -18304.297486946049        8059.3233902965167       4.99999999999999977E-007
  -18914.428932656261        6499.5675357284890       4.99999999999999977E-007
  -19363.375407597981        5005.9657234573378       4.99999999999999977E-007
  -19672.655194792711        3603.6977657394218       4.99999999999999977E-007
  -19848.259761391033        2458.9803668076556       4.99999999999999977E-007
  -19967.690731898627        1136.3656256899419       4.99999999999999977E-007
  -19999.611374574568        124.67905191945991       4.99999999999999977E-007
  -19990.953438412249       -601.48202236935515       4.99999999999999977E-007
  -19952.564888454661       -1376.6460590893735       4.99999999999999977E-007
  -19908.891346740686       -1906.8417196174921       4.99999999999999977E-007
  -19871.871351787089       -2260.2497600981123       4.99999999999999977E-007
  -19865.543530802603       -2315.2063030725467       4.99999999999999977E-007
  -19824.819437260161       -2641.3129841106870       4.99999999999999977E-007
  -19803.896691737031       -2793.8639592877635       4.99999999999999977E-007
  -19802.055910385545       -2806.8811378405226       4.99999999999999977E-007
  -19786.102827994935       -2917.2135472074774       4.99999999999999977E-007
  -19871.558506318583       -2262.9985704718324       4.99999999999999977E-007
  -19998.676631527385       -230.07170099864743       4.99999999999999977E-007
  -19983.014237210544        824.10071923318105       4.99999999999999977E-007
  -19999.944084059149        47.293070395608595       4.99999999999999977E-007
  -19979.051098783661       -915.15965393550687       4.99999999999999977E-007
  -19999.461968765034       -146.70023831260164       4.99999999999999977E-007
  -5341.3860273140654       -399.49408037388002       4.99999999999999977E-007
   10778.630242023246       -3322.7803753488752       4.99999999999999977E-007
   18263.822135556267       -6979.2278980557176       4.99999999999999977E-007
   18998.633308124085       -6249.1545366903956       4.99999999999999977E-007
   19326.133814622313       -5068.9468636917281       4.99999999999999977E-007
   19995.236817726694        436.46832992416751       4.99999999999999977E-007
   10790.043274227535        16839.684264863670       4.99999999999999977E-007
   10352.229754328351        17112.315422338346       4.99999999999999977E-007
   10517.931623930490        17010.970411893701       4.99999999999999977E-007
   18060.779985007841        8591.1714179813807       4.99999999999999977E-007
   19724.416695255339        3308.6834287874226       4.99999999999999977E-007
   19663.135987176203        3655.2815417989473       4.99999999999999977E-007
   19102.364416902674        5924.4977579412189       4.99999999999999977E-007
   18060.778855710250        8591.1737920455089       4.99999999999999977E-007
   18502.127527039171        7594.1607155221191       4.99999999999999977E-007
   19670.391090484169        3616.0357226389633       4.99999999999999977E-007
   19901.651464363757        1980.9767769936093       4.99999999999999977E-007
   16025.522751741151        422.63731936214964       4.99999999999999977E-007
   11940.748855747042       -1674.0691013907069       4.99999999999999977E-007
   6995.0354359397024       -2772.2210419430921       4.99999999999999977E-007
   203.62260889548921        649.80019399521075       4.99999999999999977E-007
  -5377.8554294145761        4223.5221460600415       4.99999999999999977E-007
  -8437.5557325029677        6517.9185344931984       4.99999999999999977E-007
  -8089.6916466638640        7286.6727018478005       4.99999999999999977E-007
  -4956.4022332334134        7101.7236566065894       4.99999999999999977E-007
   941.00049306281346        7105.3710988278708       4.99999999999999977E-007
   7484.3989103882977        8363.1085298930921       4.99999999999999977E-007
   8330.6754856412190        11114.770333676088       4.99999999999999977E-007
   8784.1308499039369        14276.647238373620       4.99999999999999977E-007
   7377.7584899065332        18589.477659810997       4.99999999999999977E-007
  -1968.9597628600227        19902.843953873482       4.99999999999999977E-007
  -5638.9523979159567        19188.595984439246       4.99999999999999977E-007
  -4562.4107845233566        19472.657955021572       4.99999999999999977E-007
  -2597.3726058801935        19830.624184483531       4.99999999999999977E-007
  -591.40894617150616        19991.253974135496       4.99999999999999977E-007
   269.60797102093295        19998.182705985109       4.99999999999999977E-007
   350.67765807607901        18502.525119908860       4.99999999999999977E-007
   3096.4922419394425        13430.144019648977       4.99999999999999977E-007
   8050.4193894983118        18308.215304971418       4.99999999999999977E-007
   9240.3905256973158        17737.395043596545       4.99999999999999977E-007
   10492.732605571622        17026.525261132236       4.99999999999999977E-007
   11684.219411429047        16232.036740519799       4.99999999999999977E-007
   13275.575075980201        14958.579692003290       4.99999999999999977E-007
   14740.178377846983        13517.660351897153       4.99999999999999977E-007
   15217.152020675898        12978.377571161946       4.99999999999999977E-007
   15295.514433216580        12885.931794917404       4.99999999999999977E-007
   15483.136546219132        12659.876882937429       4.99999999999999977E-007
   15693.097084122239        12398.657342967184       4.99999999999999977E-007
   16091.465979772343        11877.067088377893       4.99999999999999977E-007
   16501.592910874169        11300.328818392290       4.99999999999999977E-007
   16823.595254462060        10815.111775383630       4.99999999999999977E-007
   17143.436852947350        10300.610315365137       4.99999999999999977E-007
   17710.234237828499        9292.3411065913388       4.99999999999999977E-007
   18580.478496778305        7400.3931537965655       4.99999999999999977E-007
   19364.888053516715        5000.1110662429919       4.99999999999999977E-007
   19811.891871791366        2736.5928561711930       4.99999999999999977E-007
   19965.333125897159        1177.0612439264132       4.99999999999999977E-007
   19880.136768310327        2186.3581758887949       4.99999999999999977E-007
   19138.257954706427        5807.5022564882502       4.99999999999999977E-007
   18746.507234680892        6969.1080132293091       4.99999999999999977E-007
   19655.188627583135        3697.7777129144129       4.99999999999999977E-007
   19822.884949746876       -2655.7922112053152       4.99999999999999977E-007
   18681.709757538218       -7140.9887645270328       4.99999999999999977E-007
   17599.891469740454       -9499.6747446087466       4.99999999999999977E-007
   16607.053899689505       -11144.763827592205       4.99999999999999977E-007
   15218.575141138579       -12976.708776632035       4.99999999999999977E-007
   11157.053198575275       -14123.222938940502       4.99999999999999977E-007
   4373.6350393400953       -5693.2882517088337       4.99999999999999977E-007
   8120.8104333381143       -1430.3528055288157       4.99999999999999977E-007
   14547.775142287865        1165.9262111034998       4.99999999999999977E-007
   11936.432539033172        6189.9017993077332       4.99999999999999977E-007
   5978.3172686777134        7876.9072112604399       4.99999999999999977E-007
  -11305.773718912606        16497.862910593754       4.99999999999999977E-007
  -12814.852365601018        15355.115071136717       4.99999999999999977E-007
  -10787.868940714108        16841.077273083687       4.99999999999999977E-007
  -9075.0080760708242        17822.576368731017       4.99999999999999977E-007
  -7858.1266720699750        18391.569949455170       4.99999999999999977E-007
  -7140.4740633138872        18681.906491339199       4.99999999999999977E-007
  -7028.8144659786167        18724.202712074279       4.99999999999999977E-007
  -7015.0880341126385        18729.349691691106       4.99999999999999977E-007
  -7281.4267510675063        18627.421304862317       4.99999999999999977E-007
  -7732.8030910084608        18444.613206995964       4.99999999999999977E-007
  -8219.5933338958985        18232.890210423968       4.99999999999999977E-007
  -8479.2824218936894        18113.579701697970       4.99999999999999977E-007
  -8442.7877394045117        18130.618720478375       4.99999999999999977E-007
  -7963.4331662261966        18346.218471582873       4.99999999999999977E-007
  -8328.4170956214748        17129.460168979385       4.99999999999999977E-007
  -10130.362589648426        13817.032711576689       4.99999999999999977E-007
  -14008.184890315530        8696.7096792179818       4.99999999999999977E-007
  -19823.139149127237       -2618.0812325550773       4.99999999999999977E-007
  -13872.224684175999       -14406.990744487141       4.99999999999999977E-007
  -8358.3901764306574       -18169.681165572154       4.99999999999999977E-007
  -4171.1585480910735       -19560.200315096132       4.99999999999999977E-007
   148.76373201053607       -19999.446726148159       4.99999999999999977E-007
   3294.2987755026115       -19726.824264886684       4.99999999999999977E-007
   2540.2075444954376       -19838.027765654741       4.99999999999999977E-007
   1034.4685390787604       -19973.228953818565       4.99999999999999977E-007
  -556.61421493019782       -19992.253014999027       4.99999999999999977E-007
  -3562.2207614266249       -19680.207906596443       4.99999999999999977E-007
  -9334.5435069276627       -17688.026953769451       4.99999999999999977E-007
  -11459.114975740578       -16391.726082775967       4.99999999999999977E-007
  -8071.1679628106949       -18299.077783213510       4.99999999999999977E-007
  -1942.5822904527088       -19905.435791381697       4.99999999999999977E-007
  -95.975373449481722       -19999.769716866522       4.99999999999999977E-007
   1029.0252656421937       -19973.510132239400       4.99999999999999977E-007
   2065.3032707769617       -16805.732332677620       4.99999999999999977E-007
  -1181.0754867679900       -11987.815577447704       4.99999999999999977E-007
  -17199.668464343322       -10206.439375055039       4.99999999999999977E-007
  -19578.009492630237       -4086.7522932617758       4.99999999999999977E-007
  -19975.472073892695       -990.20978844537626       4.99999999999999977E-007
  -19984.835235441624        778.69160278701202       4.99999999999999977E-007
  -19779.562587199900        2961.2335029581795       4.99999999999999977E-007
  -18992.705012470888        6267.1489777460374       4.99999999999999977E-007
  -19383.556087415534        4927.2460265361451       4.99999999999999977E-007
  -19941.660287690076        1526.4943401023438       4.99999999999999977E-007
  -19917.339086238004       -1816.4811377539634       4.99999999999999977E-007
  -19423.076797779926       -4677.4969958724123       4.99999999999999977E-007
  -18568.836869366667       -7429.5556609294681       4.99999999999999977E-007
  -17466.364004439198       -9743.0040780259733       4.99999999999999977E-007
  -16223.739364316132       -11636.745156635610       4.99999999999999977E-007
  -14996.867596359369       -13232.307519751284       4.99999999999999977E-007
  -13773.632438720862       -14501.277510723543       4.99999999999999977E-007
  -12649.318980511951       -15491.763273729046       4.99999999999999977E-007
  -11716.641757919484       -16208.649108317984       4.99999999999999977E-007
  -10497.570903698155       -17023.542672482421       4.99999999999999977E-007
  -9433.6787884829901       -17635.353824511891       4.99999999999999977E-007
  -8302.2590990058179       -18195.397600848824       4.99999999999999977E-007
  -6963.9242173077546       -18748.433521113027       4.99999999999999977E-007
  -4401.6829111570523       -19509.617821721367       4.99999999999999977E-007
   1028.0809387973363       -19973.558761104181       4.99999999999999977E-007
   7222.6674666262425       -18650.283500969599       4.99999999999999977E-007
   11070.164031561077       -16656.874506171062       4.99999999999999977E-007
   14022.613317752952       -14141.041374021539       4.99999999999999977E-007
   17146.724324740226       -10295.136955444637       4.99999999999999977E-007
   19267.892120799741       -5361.7472172066518       4.99999999999999977E-007
   19970.405653867267       -1087.6111529339585       4.99999999999999977E-007
   19878.233704094269        2203.5936116740522       4.99999999999999977E-007
   19471.844414849988        4565.8816327052773       4.99999999999999977E-007
   18964.604691939719        6351.6744940572944       4.99999999999999977E-007
   18594.666847409793        7364.6700424281871       4.99999999999999977E-007
   18333.392554534574        7992.9167042661147       4.99999999999999977E-007
   18221.933803796335        8243.8539803943859       4.99999999999999977E-007
   18044.027652838497        8626.3008331265410       4.99999999999999977E-007
   17961.735534833482        8796.3661006520288       4.99999999999999977E-007
   18027.988079860450        8659.7716940118862       4.99999999999999977E-007
   18321.305197246427        8020.5845092082309       4.99999999999999977E-007
   18689.866833386412        7119.6121910032825       4.99999999999999977E-007
   19275.746972041783        5333.4396659024824       4.99999999999999977E-007
   19748.414713058257        3162.2960520900242       4.99999999999999977E-007
   19973.805616188773        1023.2737691868444       4.99999999999999977E-007
   19974.680677209086       -1006.0476348215107       4.99999999999999977E-007
   19780.107499878988       -2957.5914682780235       4.99999999999999977E-007
   19703.525188243468       -3430.9029651471028       4.99999999999999977E-007
   19226.704203001405       -5507.6170428133501       4.99999999999999977E-007
   9998.7766882367450       -17321.214297466948       4.99999999999999977E-007
   7543.7608912361111       -18522.733913109496       4.99999999999999977E-007
   7695.1856384212169       -18460.339054043288       4.99999999999999977E-007
   7237.6722629688502       -18644.465672522005       4.99999999999999977E-007
   6904.9070633040674       -18770.249291022577       4.99999999999999977E-007
   7948.0359074155103       -18352.894191773506       4.99999999999999977E-007
   7804.4827625294529       -18414.397867141372       4.99999999999999977E-007
   4280.6443098341442       -19536.532043653104       4.99999999999999977E-007
   2704.1686533145839       -19816.343555117095       4.99999999999999977E-007
   2549.3871481294414       -19836.850182651287       4.99999999999999977E-007
   2653.8288279376206       -19823.147897143059       4.99999999999999977E-007
   2932.1481059006737       -19783.895154520585       4.99999999999999977E-007
   3695.4977488844524       -19655.617425763809       4.99999999999999977E-007
   5387.9788379452666       -19260.573305118774       4.99999999999999977E-007
   7513.8242704015611       -18534.898025981271       4.99999999999999977E-007
   9164.9557325420301       -17727.198951151069       4.99999999999999977E-007
   10386.558969741938       -16910.119548492461       4.99999999999999977E-007
   11613.290750626033       -16089.378328764577       4.99999999999999977E-007
   12853.267838614471       -15018.707118693548       4.99999999999999977E-007
   14335.383416679128       -13546.268170535568       4.99999999999999977E-007
   16644.607621496492       -10858.163823375678       4.99999999999999977E-007
   18025.155172720548       -8033.7790821099279       4.99999999999999977E-007
   18861.065672403078       -6551.4126120862529       4.99999999999999977E-007
   19090.580433791802       -5638.9642411114828       4.99999999999999977E-007
   19462.130911414108       -4464.1494687965514       4.99999999999999977E-007
   19624.189882075294       -3572.3062529296258       4.99999999999999977E-007
   19778.913261760688       -2749.8581923484821       4.99999999999999977E-007
   19818.736314598420       -2206.1535402797876       4.99999999999999977E-007
   19850.314933271966       -2205.7165350398427       4.99999999999999977E-007
   19718.753533528965       -3082.6545227816791       4.99999999999999977E-007
   19522.979510192388       -4264.5815581553543       4.99999999999999977E-007
   19566.416644405363       -4071.4204545791308       4.99999999999999977E-007
   19658.888823421607       -3109.0598734391992       4.99999999999999977E-007
   19760.695046698387       -2552.9397378981707       4.99999999999999977E-007
   19806.619368917603       -2689.4714715991809       4.99999999999999977E-007
   19714.894242155980       -3321.6023008806565       4.99999999999999977E-007
   19508.751666690736       -4256.0137596967479       4.99999999999999977E-007
   19714.774233569318       -3008.6850173091802       4.99999999999999977E-007
   19739.590472396147        2364.1970456833164       4.99999999999999977E-007
   18860.596366680660        6549.7745933379638       4.99999999999999977E-007
   19582.771115378760        3914.0074494444875       4.99999999999999977E-007
   18913.272676679800       -6473.5729611825273       4.99999999999999977E-007
   13170.255085283816       -14602.064931533920       4.99999999999999977E-007
   4003.4041595227791       -19065.204553314077       4.99999999999999977E-007
  -8114.6272250956654       -15741.713655170379       4.99999999999999977E-007
  -15549.214421152865       -12577.250735926125       4.99999999999999977E-007
  -14029.423658666534       -14253.198008978216       4.99999999999999977E-007
  -8650.2443528900549       -17972.242452235958       4.99999999999999977E-007
  -4610.9212306855652       -19433.090870886474       4.99999999999999977E-007
  -4764.4848508370960       -18382.165279124489       4.99999999999999977E-007
  -9400.4405559318893       -11864.162891500118       4.99999999999999977E-007
  -17581.541959719485       -9354.5047847935766       4.99999999999999977E-007
  -17568.100655299157       -9558.3387345959545       4.99999999999999977E-007
  -16917.505441723064       -10619.614928328809       4.99999999999999977E-007
  -16611.130656648154       -11006.119886330871       4.99999999999999977E-007
  -16308.222674070845       -11577.645408843786       4.99999999999999977E-007
  -15787.014084329587       -12200.379281454523       4.99999999999999977E-007
  -14939.883198912377       -13296.611974591711       4.99999999999999977E-007
  -12583.913449263315       -15544.938800183481       4.99999999999999977E-007
  -8852.4763140217965       -17934.147961631272       4.99999999999999977E-007
  -6288.7976202326736       -18985.547779607408       4.99999999999999977E-007
  -3459.5042000378858       -19698.523566245269       4.99999999999999977E-007
   90.400866369288394       -19970.072683740578       4.99999999999999977E-007
   4254.4412498669199       -19542.254978672005       4.99999999999999977E-007
   4265.9703853490728       -14831.127111481645       4.99999999999999977E-007
  -3480.8092464955912        903.16389260166625       4.99999999999999977E-007
  -4772.5387627586342        12345.121861792704       4.99999999999999977E-007
   1383.1106447710317        17009.079825164794       4.99999999999999977E-007
   13017.350879004280        15149.594071574518       4.99999999999999977E-007
   18555.128564332132        7463.7258766051791       4.99999999999999977E-007
   19794.696760135474        2858.3177175188421       4.99999999999999977E-007
   19999.882632644749       -68.517738104133898       4.99999999999999977E-007
   19967.801755391738       -1134.4130893879394       4.99999999999999977E-007
   19999.575526901637        130.30250863715895       4.99999999999999977E-007
   19881.020648574038        2178.3062160708264       4.99999999999999977E-007
   19589.395553662711        3789.0329072861023       4.99999999999999977E-007
   19413.051545332666        4766.7113862563428       4.99999999999999977E-007
   19367.478794310751        4990.0666480442305       4.99999999999999977E-007
   19597.112615945876        3994.1428514682607       4.99999999999999977E-007
   19917.732926291148        1812.1575750848838       4.99999999999999977E-007
   19968.128499834154       -1128.6470724327689       4.99999999999999977E-007
   19665.662124235088       -3641.6662690896610       4.99999999999999977E-007
   19138.756767153041       -5805.8581973515074       4.99999999999999977E-007
   18374.617436646226       -7897.6853607178191       4.99999999999999977E-007
   17250.146242382554       -10120.891987192384       4.99999999999999977E-007
   15551.699825276073       -12575.556947686578       4.99999999999999977E-007
   13085.849161238844       -15124.832287642221       4.99999999999999977E-007
   10403.420007592596       -17081.242699101902       4.99999999999999977E-007
   7926.0298585436794       -18362.408629629012       4.99999999999999977E-007
   1915.7885612069633       -19908.032403749712       4.99999999999999977E-007
  -9380.6366879741581       -17663.625203457901       4.99999999999999977E-007
  -16294.294200029044       -11597.240039030832       4.99999999999999977E-007
  -16210.424917138134       -11714.184735005127       4.99999999999999977E-007
  -16000.575217704903       -11999.233004761914       4.99999999999999977E-007
  -15484.334683354356       -12658.411409567527       4.99999999999999977E-007
  -14174.625759655200       -14109.570672905653       4.99999999999999977E-007
  -13390.364746562907       -14855.912356836428       4.99999999999999977E-007
  -13251.929742905992       -14979.531304052323       4.99999999999999977E-007
  -13251.037503892707       -14980.320593045695       4.99999999999999977E-007
  -14280.262416134527       -14002.646368681018       4.99999999999999977E-007
  -11240.512175946069       -6397.9310890414417       4.99999999999999977E-007
  -10213.542720687959       -710.30647975154056       4.99999999999999977E-007
  -9778.1821968324184        2176.5343563836059       4.99999999999999977E-007
  -9280.8921987916183        1894.2097676020687       4.99999999999999977E-007
  -8244.0997985215854       -869.83549346526036       4.99999999999999977E-007
  -6939.5981968084516       -4908.3783459447477       4.99999999999999977E-007
  -5354.4757166467998       -9411.3248827228490       4.99999999999999977E-007
  -3235.0595755670356       -13830.067080737281       4.99999999999999977E-007
   384.67859437174803       -18012.889985155645       4.99999999999999977E-007
   4872.0019933713183       -19375.777249442086       4.99999999999999977E-007
   8478.8976526885526       -18102.978985616075       4.99999999999999977E-007
   11411.810115264754       -16212.639313286836       4.99999999999999977E-007
   13571.268063721280       -12313.718149287319       4.99999999999999977E-007
   12593.973169141724       -7482.4302564266154       4.99999999999999977E-007
   10346.143279400838       -5640.8322540435274       4.99999999999999977E-007
  -1070.2305311115651       -9844.7533074763051       4.99999999999999977E-007
  -12871.638677362922       -14844.035109641378       4.99999999999999977E-007
  -14460.144813132418       -12749.107020998226       4.99999999999999977E-007
  -18276.139735232387       -5000.8487027251595       4.99999999999999977E-007
  -17731.870029008434       -3473.4795267353820       4.99999999999999977E-007
